"","AL1-P1-S1-16s_S25","AL1-P2-S1-16s_S26","AL1-P3-S2-16s_S27","AL1-P4-S1-16s_S28","AL1-P5-S1-16s_S29","AL1-P6-S1-16s_S30","CO1-P1-S1-16s_S42","CO1-P2-S1-16s_S43","CO1-P3-S1-16s_S44","CO1-P4-S1-16s_S45","CO1-P5-S1-16s_S46","CO1-P6-S1-16s_S47","IA1-P1-S1-16s_S1","IA1-P2-S1-16s_S2","IA1-P3-S1-16s_S3","IA1-P4-S1-16s_S4","IA1-P5-S1-16s_S5","IA1-P6-S1-16s_S6","IL1-P1-S1-16s_S78","IL1-P2-S1-16s_S79","IL1-P3-S1-16s_S80","IL1-P4-S1-16s_S81","IL1-P5-S1-16s_S82","IL1-P6-S1-16s_S83","IN1-P1-S1-16s_S19","IN1-P2-S1-16s_S20","IN1-P3-S1-16s_S21","IN1-P4-S1-16s_S22","IN1-P5-S1-16s_S23","IN1-P6-S1-16s_S24","KS1-P1-S1-16s_S109","KS1-P2-S1-16s_S110","KS1-P3-S1-16s_S111","KS1-P4-S1-16s_S112","KS1-P5-S1-16s_S113","KS1-P6-S1-16s_S114","KS2-P1-S1-16s_S127","KS2-P2-S1-16s_S128","KS2-P3-S1-16s_S129","KS2-P4-S1-16s_S130","KS2-P5-S1-16s_S131","KS2-P6-S1-16s_S132","LA1-P1-S1-16s_S54","LA1-P2-S1-16s_S55","LA1-P3-S1-16s_S56","LA1-P4-S1-16s_S57","LA1-P5-S2-16s_S58","LA1-P6-S2-16s_S59","MI1-P1-S1-16s_S7","MI1-P2-S1-16s_S8","MI1-P3-S1-16s_S9","MI1-P4-S1-16s_S10","MI1-P5-S2-16s_S11","MI1-P6-S2-16s_S12","MN1-P1-S1-16s_S151","MN1-P2-S1-16s_S152","MN1-P3-S1-16s_S153","MN1-P4-S1-16s_S154","MN1-P5-S1-16s_S155","MN1-P6-S1-16s_S156","MO1-P1-S1-16s_S90","MO1-P2-S1-16s_S91","MO1-P3-S1-16s_S93","MO1-P4-S1-16s_S94","MO1-P5-S1-16s_S95","MO1-P6-S1-16s_S96","MS1-P1-S1-16s_S31","MS1-P2-S1-16s_S32","MS1-P3-S1-16s_S157","MS1-P4-S1-16s_S33","MS1-P5-S1-16s_S34","MS1-P6-S1-16s_S35","MT1-P1-S1-16s_S139","MT1-P2-S1-16s_S140","MT1-P3-S1-16s_S141","MT1-P4-S1-16s_S142","MT1-P5-S1-16s_S143","MT1-P6-S1-16s_S144","NC1-P1-S1-16s_S66","NC1-P2-S1-16s_S67","NC1-P3-S1-16s_S68","NC1-P4-S1-16s_S69","NC1-P5-S1-16s_S70","NC1-P6-S1-16s_S71","ND1-P1-S1-16s_S145","ND1-P2-S1-16s_S146","ND1-P3-S1-16s_S147","ND1-P4-S1-16s_S148","ND1-P5-S1-16s_S149","ND1-P6-S1-16s_S150","NE1-P1-S1-16s_S115","NE1-P2-S1-16s_S116","NE1-P3-S1-16s_S117","NE1-P4-S1-16s_S118","NE1-P5-S1-16s_S119","NE1-P6-S1-16s_S120","NE2-P1-S1-16s_S133","NE2-P2-S1-16s_S134","NE2-P3-S1-16s_S135","NE2-P4-S1-16s_S136","NE2-P5-S1-16s_S137","NE2-P6-S1-16s_S138","NM1-P1-S1-16s_S36","NM1-P2-S1-16s_S37","NM1-P3-S1-16s_S38","NM1-P4-S1-16s_S39","NM1-P5-S1-16s_S40","NM1-P6-S1-16s_S41","OK1-P1-S2-16s_S48","OK1-P2-S2-16s_S49","OK1-P3-S1-16s_S50","OK1-P4-S1-16s_S51","OK1-P5-S1-16s_S52","OK1-P6-S1-16s_S53","SC1-P1-S1-16s_S97","SC1-P2-S1-16s_S98","SC1-P3-S1-16s_S99","SC1-P4-S1-16s_S100","SC1-P5-S1-16s_S101","SC1-P6-S1-16s_S102","SD1-P1-S1-16s_S121","SD1-P2-S1-16s_S122","SD1-P3-S1-16s_S123","SD1-P4-S1-16s_S124","SD1-P5-S1-16s_S125","SD1-P6-S1-16s_S126","TX1-P1-S1-16s_S60","TX1-P2-S1-16s_S61","TX1-P3-S1-16s_S62","TX1-P4-S1-16s_S63","TX1-P5-S1-16s_S64","TX1-P6-S1-16s_S65","TX2-P1-S1-16s_S72","TX2-P2-S1-16s_S73","TX2-P3-S1-16s_S74","TX2-P4-S1-16s_S75","TX2-P5-S1-16s_S76","TX2-P6-S2-16s_S77","TX3-P1-S1-16s_S84","TX3-P2-S1-16s_S85","TX3-P3-S1-16s_S86","TX3-P4-S1-16s_S87","TX3-P5-S1-16s_S88","TX3-P6-S1-16s_S89","WI1-P1-S1-16s_S13","WI1-P2-S1-16s_S14","WI1-P3-S1-16s_S15","WI1-P4-S2-16s_S16","WI1-P5-S1-16s_S17","WI1-P6-S1-16s_S18"
"AL1-P1-S1-16s_S25",0,0.421255405582492,0.465738062916839,0.434710383704147,0.583086375135526,0.369379412857674,0.629214940342383,0.676325208794955,0.680977663859392,0.668799697878858,0.6612252556525,0.672464997878659,0.511918988615636,0.426098455250346,0.442938363643209,0.460425957570958,0.500327144843379,0.508915214490761,0.517738664530182,0.499493619607049,0.499792239656503,0.493425159588393,0.537931603481705,0.498120211297768,0.616453205926045,0.464038494006416,0.540567681114868,0.491282511943163,0.470366563891744,0.474541304538671,0.597754863615584,0.582329086254997,0.572705221498787,0.547301421222426,0.521328018995929,0.49553355866731,0.677985501716902,0.666129569952217,0.669993025376898,0.654299957413763,0.676620415974783,0.69665509900557,0.577524215684051,0.492041426287621,0.619315984308525,0.575120655681526,0.51059407811277,0.54808820079756,0.547736642311931,0.57947866087401,0.462363499282535,0.543440352856703,0.525137369691367,0.545907398668135,0.664290343486714,0.648030960723811,0.66761552329443,0.676252193870663,0.605248031988004,0.596168201045036,0.518609614798252,0.492065542708266,0.468263779359734,0.512123881496592,0.451658337119491,0.467176907937896,0.52818252082558,0.528399210068677,0.59592463181269,0.460876908375742,0.488329368537579,0.456196038598273,0.69157844080847,0.602741420689314,0.683268124280783,0.599780529863615,0.644911632205152,0.640857939790324,0.526571250777847,0.514075830123056,0.434939541598989,0.469881650259927,0.468366547733008,0.500618943953558,0.672648335745297,0.664703502225419,0.705680902497986,0.693885694167351,0.703616934809113,0.671596454536401,0.528088886909666,0.509741930740387,0.508849985491827,0.505643478084662,0.514926213810972,0.552636683570261,0.691474445330327,0.780260320594425,0.707719016401938,0.70398939375678,0.668847314423657,0.676797659762104,0.734550494670936,0.663916048355408,0.720096485834555,0.781004796322083,0.665751662020159,0.740887611901313,0.759726795950726,0.739861861451139,0.679140811455847,0.743798107255521,0.71635704576348,0.706294363747473,0.549466237668066,0.460576520147328,0.60591721209977,0.502443071817092,0.484683087953918,0.542647876877434,0.622666799046863,0.598242912322335,0.650244068566239,0.648029171731203,0.604885341155897,0.615297631128766,0.569418329593013,0.638136773880913,0.623320759711468,0.607277485279915,0.508129585842089,0.563846028428713,0.498702062007151,0.424214440811641,0.499137358991374,0.483402388496222,0.465561859261471,0.494287634408602,0.564625537492239,0.61452937460518,0.593776378527593,0.633182659203223,0.610833987816009,0.593628246753247,0.499986526905769,0.50625974156569,0.448448687350835,0.510822845082748,0.43998704610776,0.473733488021819
"AL1-P2-S1-16s_S26",0.421255405582492,0,0.329639001889875,0.337933869736301,0.53813542374915,0.304481960750707,0.681445971053054,0.725360862002756,0.714738355797119,0.719308382967375,0.698516350171383,0.721493940143458,0.616078170108816,0.56756413512827,0.57681710967077,0.611244731790198,0.635215501394866,0.634265689437808,0.518538391372002,0.499687746069673,0.533506016042781,0.505192373169901,0.575379242606133,0.53449020554384,0.648418775319745,0.518080372117986,0.604188345473465,0.531555651516787,0.503826327860663,0.494230365759843,0.681532132835699,0.659709675409632,0.643746729461015,0.618875697192715,0.636367722073661,0.609116227650573,0.743106412787365,0.721323772090372,0.723036029008119,0.725437560399442,0.711173320350535,0.731533012901594,0.493094456248793,0.454141354274707,0.539948107721213,0.550108191653787,0.582804956081671,0.617202659286828,0.582525738706266,0.626588995010048,0.459973992197659,0.603842660133777,0.558973510846495,0.602480620155039,0.726523337417846,0.700014054813774,0.753095798830054,0.745014961101137,0.682821034593552,0.675772193054926,0.610213204951857,0.49780701754386,0.4867912589546,0.572138074176571,0.481585374700747,0.502728560481156,0.541002913283332,0.471465131158029,0.580125912147661,0.424454313521686,0.490324202060819,0.521092646168338,0.731108425680714,0.656635761589404,0.724542088615354,0.63967759148482,0.686247476488256,0.660594537653195,0.608344819664599,0.608787632221318,0.465975372650681,0.586252292068268,0.549529990530522,0.559961074524181,0.713041012553811,0.724240177909563,0.749979754352814,0.75346787520657,0.760698600755796,0.753100248019842,0.611069027554209,0.648258863016572,0.605490739985315,0.605715264984362,0.614458986528597,0.637522441651706,0.766213730493087,0.800859758820902,0.748093302900406,0.753413364933794,0.74121471696166,0.734894121942315,0.726230888996656,0.700019706375012,0.710744844645246,0.766723036452461,0.686327138730296,0.710084672717132,0.754800667919015,0.741080530071356,0.698417148828792,0.73629525407219,0.734075519338919,0.725920910755034,0.523495391288632,0.443876833669213,0.555137815165543,0.455219665528843,0.502724331687383,0.501198211329891,0.647058823529412,0.645192724122997,0.669808713807608,0.678050616238593,0.65283962666992,0.672804977688392,0.545121589071832,0.582616717735824,0.575539829432045,0.55449850502854,0.498435707581604,0.592561728395062,0.649330573532109,0.518235294117647,0.57624050960205,0.540963949638975,0.584339436582181,0.613611303433597,0.680368428788398,0.70662383151507,0.671282126026332,0.681988508618536,0.712672126721267,0.677042885032073,0.548832888166299,0.505375764598098,0.497667779675273,0.556181948819986,0.511799567812747,0.564738292011019
"AL1-P3-S2-16s_S27",0.465738062916839,0.329639001889875,0,0.388819875776398,0.487122600559468,0.358253627431843,0.702349471114727,0.74075,0.739989118607182,0.751172440886881,0.734509803921569,0.751318276788379,0.661195750840264,0.591483420593368,0.607899181499285,0.625529841656516,0.654579243305061,0.654361627086762,0.495409786396001,0.471068796068796,0.557002958512029,0.535659948973621,0.574832715544216,0.525277856939299,0.67013386818415,0.537183544303797,0.60610621371748,0.559720306331161,0.554968819151076,0.528994511753132,0.671311424872064,0.650055689289692,0.582718478439088,0.615819209039548,0.656939749453172,0.634867190422746,0.749051111029222,0.739917412250516,0.751829147716037,0.740351089955432,0.707011715334849,0.737963809175653,0.514846420976122,0.490517598343685,0.488004921058027,0.504362380257113,0.529771195164879,0.532096584216726,0.623936094336931,0.64287856071964,0.484333401597379,0.6378041172801,0.572633552014995,0.614112670640262,0.718701602452669,0.69207180732128,0.762067007382169,0.755079187330027,0.675504096254421,0.699885728032718,0.600795096902435,0.527931758928797,0.539992996848582,0.557538257554831,0.50296623880919,0.534412538021343,0.512162017359003,0.449223815345856,0.536454595347659,0.456427501773376,0.520396385236902,0.533878968253968,0.750288817005545,0.675875869896359,0.748918223147286,0.67394217882443,0.714765192990179,0.687233060140829,0.65413970846908,0.663139854147357,0.513692768506632,0.564556168177899,0.588603054217485,0.554837416704244,0.721005677210057,0.735233022636485,0.747376128874786,0.764164961170764,0.765811720876917,0.758878054652703,0.618854509545754,0.639058670682375,0.623271297392703,0.618937589889892,0.616171326337152,0.618263524407396,0.763291096239427,0.80675011884012,0.766686672773794,0.772612810790472,0.748383542578793,0.756035899380609,0.76574047550845,0.729567539295841,0.750664780763791,0.793458114704884,0.72897667153726,0.751087358217017,0.77679908394257,0.76671269596296,0.725832284635625,0.765976322310257,0.763332570382238,0.75051951698961,0.551543942992874,0.457622705376904,0.566443794400334,0.479424997256666,0.516610090132272,0.528722934158197,0.65987047253538,0.656924254016832,0.679787985865724,0.681149974654211,0.666093908896448,0.68177693899031,0.486826945233889,0.549957825320144,0.492656531821695,0.522791400071534,0.484612902279461,0.655977928664651,0.63419670777037,0.486402462950107,0.571667450488582,0.517041121604975,0.572236256465776,0.568302234508178,0.692446584411676,0.704887310746166,0.681762744938613,0.68871116579514,0.724007467330429,0.712592102777253,0.556984258492129,0.547408805797454,0.51927697059833,0.575586677945922,0.551919001648222,0.601658964332267
"AL1-P4-S1-16s_S28",0.434710383704147,0.337933869736301,0.388819875776398,0,0.534048962620391,0.300866767938522,0.622607499466357,0.678113692074238,0.666372016668771,0.668105229328314,0.636901518100428,0.675735960408002,0.560051380860629,0.527570399476097,0.523553053022421,0.57028597470662,0.603588724976008,0.588008376501708,0.49765625,0.484051419692047,0.520435849950472,0.506738662803459,0.535927536558437,0.462518127883982,0.657909128694245,0.508490631425733,0.554168344744261,0.532229674026871,0.524587470365937,0.524781130164243,0.646415105037848,0.613342898134864,0.569094047225588,0.570460801915021,0.614182552766619,0.559985088700305,0.667222741225143,0.654804828343,0.660246556349278,0.662460215534089,0.640025453388482,0.675455448824114,0.56175278875494,0.495238095238095,0.575349721157741,0.561327467977746,0.572356440451621,0.600706596007066,0.563400672650734,0.622074437055186,0.476064404581802,0.570540192004585,0.559707275075334,0.560647454540113,0.673609096710564,0.631938138894584,0.687242149520431,0.684440147740512,0.61324274656123,0.616836155061099,0.583891426797357,0.472911057578763,0.475301866081229,0.52767886876553,0.464866354367594,0.500492445170434,0.468214841722885,0.435660162274526,0.553879797903627,0.469656217907966,0.42267181145062,0.497393117831074,0.6832269948477,0.605077651723758,0.648021550738265,0.584759898165218,0.608462637811352,0.603062394963587,0.617380596358519,0.625099973340443,0.497799985084645,0.560821331257299,0.551154957838664,0.555352840736323,0.652935035734361,0.666757459452767,0.697565359018281,0.684448369000623,0.708560826928174,0.708898316834429,0.573045822102426,0.573047790311155,0.567172332646972,0.556709688826025,0.567768841227286,0.57775276683549,0.690195835399108,0.73277115440535,0.674011364954192,0.685694414722876,0.67650841281749,0.677046473224817,0.681335276195523,0.657780501506563,0.667303915149928,0.713091244956492,0.651531895882809,0.663159002420288,0.719249742505557,0.70156910078455,0.662795312045292,0.703017678189393,0.699383565743013,0.69582520483808,0.532617324305393,0.445441319107662,0.571675218247696,0.516583093644208,0.489176728869374,0.522833798632277,0.592395058999088,0.594874683187834,0.605010438413361,0.621252421764687,0.576294973207451,0.600697643806766,0.516018425518651,0.574022201473182,0.566402511389304,0.532252303735981,0.495964465630248,0.587097181453776,0.619306890262162,0.50175165434021,0.597411758982218,0.513498876221939,0.571258347881509,0.587679365332907,0.616025185335635,0.650141740994261,0.612101077217356,0.637475386050368,0.673424784933736,0.632262776953895,0.487428052105423,0.499397370855173,0.483637133257494,0.569866482504604,0.5080896148328,0.532800355318676
"AL1-P5-S1-16s_S29",0.583086375135526,0.53813542374915,0.487122600559468,0.534048962620391,0,0.454938422640894,0.825320125634211,0.850402557423632,0.862558931377685,0.870418127553534,0.87037037037037,0.885959750500177,0.72945433492546,0.692048205881553,0.710403843266777,0.712924154561635,0.75075511802215,0.756016963154706,0.57012206502669,0.601655025812329,0.710755075293551,0.686361519708549,0.743617322388905,0.674032001108263,0.80835742730893,0.685148399158682,0.716746626266027,0.705442366731789,0.68949690033381,0.664753794890781,0.768820074746396,0.710690660128602,0.647744774477448,0.735484659577069,0.750646754468485,0.743269862114248,0.846661249462263,0.824549115741551,0.855011191245959,0.850562259498636,0.824657044550695,0.85846066512134,0.662733180304549,0.650638141890766,0.601666232751888,0.62533729705008,0.660877934468762,0.634688812523864,0.757908832226748,0.76700982132292,0.661934561058466,0.750503018108652,0.709467317980926,0.736614645858343,0.797742201943122,0.781506576325229,0.856088815335816,0.833237456056248,0.755425678442467,0.779569494785117,0.715894903309935,0.654501216545012,0.647159864952911,0.647835656639765,0.613969158999611,0.649579470808521,0.633992929617557,0.578243080625752,0.620285043786847,0.627029233522781,0.681897287152363,0.67358667604973,0.869473387778091,0.803704382908491,0.872466829493696,0.813390653610381,0.84216639564597,0.837529891686594,0.780572317157683,0.759835181006573,0.618937644341801,0.689077465447852,0.664452029745215,0.67586493383182,0.847604917337855,0.838769387885364,0.859111445783132,0.85339354225376,0.868126503713519,0.851399378054198,0.728328977612645,0.751835376659072,0.742780790286174,0.738265602121723,0.736304549675023,0.694528013952474,0.868481116230998,0.919333833221516,0.88868362092685,0.896939963999576,0.852792416793407,0.894297969345211,0.902488325085384,0.863770715021089,0.888995675156175,0.920413823190303,0.860804110161897,0.889023169089465,0.904392486441835,0.897711365042159,0.869973563378322,0.887205832357496,0.866704969836254,0.885146628563652,0.684182480239202,0.678150921122122,0.693502120229484,0.655840719671914,0.720430696731417,0.662510002667378,0.814563679245283,0.814656638572886,0.806556783191451,0.795906924586487,0.797049459665486,0.787692740310259,0.536272828170719,0.695459579180509,0.504393673110721,0.624953818546472,0.60647267769366,0.778072355702844,0.716205476482913,0.581274382314694,0.689500280741157,0.610588994906378,0.662967894658973,0.658599887766554,0.757260111415104,0.794921078688334,0.774909553143639,0.8198679979692,0.799640743249212,0.802424712134632,0.70182394924663,0.672350334259746,0.663698344232642,0.681646628535855,0.725271694157886,0.746074098779844
"AL1-P6-S1-16s_S30",0.369379412857674,0.304481960750707,0.358253627431843,0.300866767938522,0.454938422640894,0,0.654977270618796,0.688681830638531,0.689503797967841,0.710659328316298,0.693679092382496,0.710629205310056,0.566544703584817,0.504266193357997,0.50870522313388,0.547125206298229,0.572027972027972,0.565611641262576,0.45598347511755,0.452624628590294,0.51585744128632,0.490185117499086,0.548109586623726,0.499819949585884,0.655766510950156,0.495750067818067,0.557210769601507,0.521228782126805,0.504132610891726,0.506176914371935,0.62524153922597,0.580721672306379,0.559111552653988,0.557245834113462,0.57305770104498,0.547727467995532,0.693839935327405,0.667559668777399,0.68666861998242,0.685458649479209,0.690578389895933,0.70702886684006,0.532673751068768,0.462574663234449,0.543782148260212,0.537418808246258,0.5253827320728,0.555885773355731,0.572388222464558,0.629245799853908,0.4757828755037,0.566558803838429,0.553494608637354,0.574327027490427,0.700567363875011,0.668661309625577,0.723851517637408,0.721509178088826,0.649551089049828,0.648993034933319,0.567659130888006,0.474858528698464,0.460132510852182,0.511977994498625,0.46868271677432,0.481424075900615,0.499197734780557,0.45677247473927,0.563676069153776,0.468065279204798,0.461751761683075,0.482996281853632,0.707695511819223,0.625640612841772,0.682050518584686,0.635312873654843,0.666243117323168,0.651664932362123,0.592001966255584,0.600715117518739,0.472365225837785,0.524787788001997,0.506773168908819,0.535624399395964,0.69054082271873,0.695098940442208,0.724592495350618,0.719644169602352,0.725098880645245,0.719580721850011,0.550175993103944,0.572433939715841,0.54959111788576,0.544338867124088,0.547881756674831,0.556756428549743,0.71665914221219,0.765894236482472,0.707998307236564,0.727208701776352,0.695900932674975,0.708465034723023,0.719055248333247,0.674735136482613,0.692523889825745,0.760114027794275,0.675635895313003,0.696702168612858,0.743440695431606,0.724564720905675,0.673358794384806,0.726677084190038,0.704809286898839,0.714807858266917,0.510220861978393,0.445216031095205,0.574151535317045,0.493886679920477,0.502182654882481,0.532453245324532,0.625740441572429,0.628774374022982,0.645225629518823,0.64847481372986,0.623463860083578,0.63759931080693,0.497351304231208,0.574690324740542,0.553667725493093,0.550136437428759,0.474745874587459,0.580124069093114,0.580427745051213,0.426961727024026,0.548143217155627,0.468137901905918,0.518736501079914,0.527676809637553,0.628963089660643,0.660773081953904,0.621187169718569,0.652431161344155,0.668994381639106,0.649960981531258,0.530901274916821,0.495222495222495,0.479201073492981,0.535191149698922,0.491374464957413,0.526781636691821
"CO1-P1-S1-16s_S42",0.629214940342383,0.681445971053054,0.702349471114727,0.622607499466357,0.825320125634211,0.654977270618796,0,0.300813318568865,0.308722373722984,0.271481028151775,0.294687798993303,0.307900041839413,0.385686595532471,0.392119668310661,0.389993169398907,0.392865164333308,0.385685372585097,0.336781525460771,0.647885772205451,0.592060171792247,0.481288294242689,0.531297072648409,0.4746309620948,0.503876295609674,0.604133487766034,0.517093855298527,0.467669671995132,0.482250477730413,0.513136194530741,0.578873073756029,0.515039271688683,0.550272313546045,0.570838092130309,0.362017225924627,0.374567572704809,0.368367605991368,0.48622042262432,0.414595299000917,0.459550561797753,0.401865038248716,0.459204842213165,0.487579593788538,0.688480565371025,0.561179351068864,0.741258405379443,0.695889666081712,0.692264244192888,0.727456632782077,0.586811168258633,0.686667430054582,0.639811851629116,0.622530266888699,0.671172388933946,0.607562408223201,0.519549265056683,0.49194212984159,0.514685490987016,0.498556651431321,0.472028510460435,0.444337307152875,0.521057159068031,0.507372072853426,0.537700534759358,0.542774804446274,0.559581092555901,0.528492144141327,0.570229102167183,0.578145241179608,0.651739914044087,0.654090918102337,0.487170922148688,0.526851113894265,0.504531722054381,0.437754857279923,0.473042624560255,0.455668405160582,0.438052824922528,0.43402083776313,0.590930720063788,0.594962549777886,0.612176009644364,0.511007562145833,0.551647667587441,0.572816276579471,0.434650974372095,0.442957859317417,0.491739380785755,0.449622244885217,0.447972415543756,0.498530895057668,0.381923619248108,0.405860092983025,0.401683672576439,0.38573853370079,0.404820679551247,0.478340436803198,0.455315078321177,0.561787266974711,0.519064380606336,0.426385662838025,0.374527919431583,0.434309591204051,0.565217391304348,0.514752078842008,0.544041233657392,0.593765413830522,0.494814871716085,0.563789296603932,0.57770743157396,0.579972014357851,0.484685902581218,0.564515055362017,0.529526780102884,0.561432024672835,0.658411777060699,0.621999488017644,0.7157067856156,0.673807085807905,0.592688726335469,0.732103898242292,0.443997375902034,0.43093689654407,0.432371306357245,0.481398139813981,0.445898031544199,0.497933936039668,0.659256559766764,0.715184607384295,0.721511888739345,0.653179190751445,0.662283439147746,0.595139146058786,0.657446624600225,0.582192533345053,0.634407328437179,0.585255637803409,0.702914749068595,0.676007302679064,0.479716335247594,0.447328648076778,0.421126331811263,0.442614096678369,0.432991456244173,0.411425021015314,0.529809884144479,0.483856700574967,0.511934434540155,0.669624111073485,0.490665110851809,0.420739193374013
"CO1-P2-S1-16s_S43",0.676325208794955,0.725360862002756,0.74075,0.678113692074238,0.850402557423632,0.688681830638531,0.300813318568865,0,0.275968680987753,0.275935808988973,0.423384615384615,0.368085026476884,0.4322350448793,0.459384203480589,0.456172339276067,0.468391866913124,0.445494529460943,0.377042101475351,0.667354250352839,0.617759263319448,0.510987944151236,0.566134150933247,0.493076415854641,0.525301204819277,0.598269203261336,0.566264159407828,0.484164708881968,0.515355016698127,0.553599151804309,0.588180657146174,0.484171649665846,0.536041875596214,0.586658121027613,0.424120023081362,0.409519162193611,0.423626787057938,0.547813969691691,0.49850391830919,0.496036135693215,0.485412638759151,0.509328851002521,0.571686672441529,0.69085801940355,0.626301369863014,0.754915863112119,0.715154020082176,0.697565044135023,0.750012432244269,0.616707795035564,0.691727906538534,0.646588045986746,0.61831079583241,0.682556591211718,0.62070679681851,0.5046208239164,0.473487239606818,0.503749741039983,0.471200253184587,0.471655574584318,0.459830684174153,0.517980798785008,0.548870749852541,0.543407753809021,0.566474457890035,0.595843140383772,0.568397500192886,0.574097985236436,0.609650108638645,0.665405449546778,0.676677166278637,0.538819460171707,0.526250702641934,0.515878676007887,0.497711203283832,0.491848922605117,0.491349013246823,0.444320735237555,0.446019034841306,0.55988218643614,0.604334268343039,0.662701716823282,0.528517702994992,0.550750796881601,0.574346775411569,0.412410139992433,0.425731225296443,0.475101470780779,0.440177343541534,0.452163937845448,0.509010761052768,0.397550220480157,0.438796171963254,0.410507014478714,0.397039467753277,0.411750727737183,0.482239757351722,0.518864593875774,0.537092254231588,0.500615116201042,0.486585852643963,0.451187446096889,0.431004657351963,0.577481234361968,0.578710735767665,0.568223140495868,0.589968261385984,0.536591839830123,0.603997760590541,0.575707401982636,0.538122961807014,0.518765360103303,0.576947462777936,0.581830266083011,0.55187011919441,0.660099915166368,0.654299873676028,0.721103276325529,0.691729627085774,0.610902896081772,0.742904705834585,0.485453213223568,0.510989611809732,0.463119709794438,0.513327431887479,0.513412081699425,0.566583749969214,0.689162914449447,0.708269446999898,0.747137824746808,0.665506503022532,0.682669665018987,0.622293798670853,0.672914714151828,0.585976916913882,0.649364819577586,0.575598167317156,0.715433458597901,0.694294445142116,0.511561800697538,0.453212446832326,0.456023384787875,0.471676466370285,0.490840770314702,0.44174459327725,0.567472527472528,0.523097707661466,0.533802640896405,0.696533013098494,0.514841498559078,0.484224816725495
"CO1-P3-S1-16s_S44",0.680977663859392,0.714738355797119,0.739989118607182,0.666372016668771,0.862558931377685,0.689503797967841,0.308722373722984,0.275968680987753,0,0.302372519144389,0.365370248297078,0.346982844803455,0.460718593660398,0.481708818793218,0.473567652521789,0.495910342115611,0.49461202734541,0.425448987390141,0.66432325119701,0.621666273306585,0.532885252653848,0.573296784878077,0.507827712438663,0.547527839643653,0.615889766170665,0.577380715507979,0.517157289670789,0.539995371798828,0.588123764572996,0.624550972377059,0.520071956068926,0.539834763435433,0.568321347132082,0.406687179487179,0.434435074537389,0.393814903571836,0.496413781903808,0.460921018780551,0.470312811316995,0.455051059752763,0.454498112224971,0.513789856047356,0.72830461911962,0.633974150103182,0.780866093366093,0.734026549840331,0.718808706760514,0.77337876575261,0.640538247995065,0.715873971503111,0.663112909458753,0.633484595175543,0.669679579148733,0.608981860737273,0.501314868875003,0.469938709991244,0.471019320453031,0.470200355059599,0.464851127328686,0.457737321196359,0.565998962914594,0.540929091388365,0.56426735218509,0.580066069720942,0.60698596835416,0.573450744794667,0.582669875948898,0.607184587375343,0.644624891781354,0.717627890460176,0.540138095343143,0.568561739477359,0.460278165368862,0.454667251853734,0.462524825144633,0.473364440556042,0.439025975432743,0.435023165849489,0.609703547061405,0.647475033959786,0.66590398711919,0.551904157740386,0.593144682419428,0.627855534105534,0.405242026435693,0.424239864864865,0.460808716479594,0.411816442753798,0.419662230175596,0.477949718853107,0.40010463534582,0.431188039471575,0.417178251388151,0.436110526013442,0.418142576017267,0.480660147326814,0.458200626799501,0.484153269672428,0.452769672269516,0.439347144886043,0.411047653445902,0.425301326851008,0.533542039355993,0.52519669679433,0.509123117803366,0.532223538458341,0.461982870071105,0.532842821259475,0.541726503909366,0.526003893631132,0.468307499888328,0.525024118214546,0.539672715569529,0.52703654777631,0.682682461600241,0.677610702063673,0.755208116761612,0.718083956595046,0.641884816753927,0.789039071667608,0.434409897595107,0.463057549723432,0.427761742324849,0.475686651704606,0.458814934641376,0.53461981104301,0.682715911626869,0.696422601136744,0.741116751269036,0.663969347782575,0.694785520650614,0.63654198831407,0.693877551020408,0.600475070445495,0.674236752350054,0.573478498542274,0.737541219636803,0.712919304863263,0.523844444923754,0.471487570486856,0.436187295266234,0.442452436856773,0.488206461938582,0.443225831192238,0.569838689508566,0.521288567945231,0.550632063250994,0.686342176528387,0.545600612088753,0.497432939140467
"CO1-P4-S1-16s_S45",0.668799697878858,0.719308382967375,0.751172440886881,0.668105229328314,0.870418127553534,0.710659328316298,0.271481028151775,0.275935808988973,0.302372519144389,0,0.356306970915779,0.345399307163632,0.43859327441417,0.481709895686496,0.485715238746477,0.506228682948182,0.498573965452295,0.424334452199549,0.715659869180454,0.646243822431318,0.50383408853259,0.590477876106195,0.479601612349294,0.546974440829189,0.59142176330421,0.547441217150761,0.525702782371127,0.510739301004962,0.564851993650201,0.605877301784181,0.536167910851455,0.576928622927181,0.631519660493019,0.444657321167745,0.457608917032346,0.437792908303121,0.531798406413453,0.450801876882135,0.491647589473923,0.446877673224979,0.47309544038516,0.525673441602645,0.720328332416935,0.619095236190552,0.785357466483887,0.752018729991877,0.747413989519253,0.802271339601905,0.615071903150128,0.698198784318828,0.648317277617916,0.63130222309488,0.674318037871011,0.621990529755685,0.520345252774353,0.495685735199521,0.515072351368451,0.485677514965973,0.496798702407376,0.464183198316004,0.55425083874652,0.560956384655807,0.576405811119999,0.593469257087977,0.607754468060007,0.583420517015084,0.600900081390338,0.62686420722135,0.695440956651719,0.695833333333333,0.513854517424642,0.553468769062979,0.495919505795335,0.448305048880613,0.459068222942475,0.488462817244819,0.450943622072378,0.441945941481344,0.588256101874779,0.625130358803799,0.658934120268131,0.587172885524344,0.595265599848499,0.62085855293789,0.435166973768659,0.47290899526565,0.515820677507357,0.485782469764996,0.472263313609467,0.555281353047548,0.460735816973257,0.476828142053564,0.469283859505262,0.469620928990924,0.486471713582946,0.53722512113306,0.495395010876105,0.546854319244684,0.513932297398424,0.454413773124198,0.404508349562839,0.42953573839346,0.555035225008729,0.548020118154239,0.541921957375781,0.609246601643499,0.532868283742589,0.56579646198472,0.558407893636592,0.536619996056005,0.495496604501344,0.568889080187664,0.547339945897205,0.549436086419503,0.681283939596816,0.6481928634395,0.720042254873716,0.684246152620996,0.604050130991999,0.746043813143943,0.470092724224999,0.478730732799449,0.464553081255793,0.568643555985022,0.496477041660756,0.552480038712799,0.726284063795052,0.712335984344815,0.800717696894477,0.703903441191577,0.710178840046799,0.641223017710072,0.708316727844782,0.627568858190501,0.685731301992277,0.611748240061833,0.758361861829935,0.743407896093186,0.536499105901053,0.472971231893394,0.462485692860244,0.458274455973192,0.48854537366548,0.452789508383671,0.563751365125592,0.529419335464081,0.534519193286966,0.71037773011774,0.523103454406457,0.487529479025227
"CO1-P5-S1-16s_S46",0.6612252556525,0.698516350171383,0.734509803921569,0.636901518100428,0.87037037037037,0.693679092382496,0.294687798993303,0.423384615384615,0.365370248297078,0.356306970915779,0,0.30502104016015,0.448122639413464,0.489840502658289,0.476297968397291,0.508232931726908,0.50782697843145,0.456201248049922,0.684157585917854,0.601839748244977,0.529960078696541,0.576943251801916,0.482145697470972,0.523813868613139,0.595994421631673,0.559250376031546,0.539489023691438,0.538743208126624,0.548868461189662,0.626451095445143,0.552928037292415,0.562802394554848,0.571592349001388,0.424030195009436,0.475521620187007,0.435342986917194,0.438849722740825,0.365353081195451,0.431750741839763,0.340809431385235,0.402115410362833,0.367234455061626,0.726038738915397,0.620633685380767,0.76228559402294,0.71382802530477,0.70830867406016,0.757169107411326,0.628591671258758,0.704818535985237,0.650462369849293,0.632786081842686,0.67360157016683,0.631794974471919,0.540865087028646,0.497403634911124,0.523584261996816,0.518721895537876,0.498720983050037,0.458242072183602,0.574428042110216,0.513728578237354,0.554050726422064,0.553657234383342,0.574638914343064,0.559776207302709,0.594633575529975,0.603648470943734,0.663840675771496,0.706064554717707,0.501298818639742,0.561483594864479,0.458754092313367,0.411380265681608,0.439112760692824,0.447266014767511,0.433158163152176,0.426616284963827,0.643459374873531,0.650998771442872,0.662823458020892,0.589059741806504,0.625518020846415,0.627804717678968,0.438138374081435,0.495075593952484,0.507392958628329,0.480267453116909,0.46147325008592,0.51455524322264,0.425446762974853,0.455710162611165,0.482965482442206,0.455426773254109,0.457996926340397,0.493944750798132,0.437504910047922,0.535988090807592,0.51953869379068,0.333979999538096,0.329679224773931,0.396459993789463,0.450984883188273,0.407946402821838,0.484897959183673,0.530951824383195,0.406242259103295,0.438750654494958,0.514027424139784,0.541711358711118,0.400558173582834,0.502690701995705,0.457503877151501,0.487240757439134,0.713365473381885,0.672696426677977,0.747778391938433,0.736029379231008,0.649859127562421,0.782196716935807,0.410479312146691,0.394085697042849,0.448151147098516,0.461394632644083,0.416320068693482,0.474037958295458,0.683051626997815,0.72548231511254,0.767761268572856,0.66425854392121,0.695636949366202,0.648244107331014,0.685846933033202,0.61595950430983,0.683480775774073,0.631453645784707,0.750440455216418,0.729380376282258,0.512350175485067,0.497119909135161,0.453458058579972,0.444811394936083,0.485784363822177,0.463655223705327,0.528272318561336,0.482111944604732,0.538729011300727,0.690756633142351,0.517922686450605,0.431347531651781
"CO1-P6-S1-16s_S47",0.672464997878659,0.721493940143458,0.751318276788379,0.675735960408002,0.885959750500177,0.710629205310056,0.307900041839413,0.368085026476884,0.346982844803455,0.345399307163632,0.30502104016015,0,0.427381282976951,0.500613562396628,0.468638535567669,0.482542722451385,0.482562561112519,0.448300587982217,0.692297715039236,0.639586152704414,0.528184744182774,0.577862336316701,0.516240875912409,0.547410226708588,0.584372550416875,0.54780082678485,0.510315170649393,0.522640144665461,0.553883293727132,0.636714081955206,0.574455046835332,0.60352422907489,0.626082337317397,0.453883588151895,0.46438320308118,0.441183820641891,0.485380406526206,0.422555182681855,0.470593632443343,0.397668533858166,0.438409519940739,0.479721244059199,0.720164282454713,0.618504820226763,0.761219305673158,0.734172009193178,0.721677773422187,0.781604076987779,0.625497143683564,0.698464541802756,0.65000527036998,0.635741713377764,0.679568752209261,0.633738191632928,0.506381841267013,0.489631956912029,0.483599455378141,0.455713159968479,0.472212030302376,0.475273071299561,0.567056365175725,0.540797179735032,0.567473138477722,0.592648010352637,0.600421153005682,0.573816477098063,0.638505733194347,0.641197664306125,0.674453858856014,0.71752050977259,0.539477191184008,0.553664090790309,0.47771419023351,0.462629720766021,0.452017360552966,0.457660566917833,0.440437070338488,0.461654072558761,0.608586725674971,0.636885071342372,0.670971053982546,0.579566407235603,0.599709268964462,0.611562476491386,0.409937628197078,0.44055586174317,0.46947642841625,0.421253807002841,0.418554902490187,0.481562755475238,0.45378594155654,0.472591838033998,0.47539344629652,0.466146909299944,0.48251582746583,0.531659002476123,0.452156192171652,0.545493092905443,0.506490614771437,0.375980586992448,0.356429214753995,0.383135450396713,0.538368906237023,0.511264395635425,0.536252160316023,0.605166695758422,0.49497620306716,0.533645805372592,0.54976433538351,0.558132584135334,0.408436683396242,0.552401889297608,0.503205055090449,0.504379502292076,0.706811395519165,0.686482510307981,0.741647588374529,0.719671669416167,0.647340492058104,0.761918240265254,0.494485688537956,0.499880249951011,0.509890744573326,0.557594441182227,0.528189413708075,0.576494228931311,0.702331263361499,0.715273540776897,0.771483305966065,0.681547231694302,0.67436260324032,0.632255878566104,0.699440108585002,0.618540476447127,0.686539357242664,0.638759820900566,0.743301939534684,0.721770663999,0.483526411950127,0.457589949449896,0.430798987059082,0.437478322962358,0.43289224952741,0.403539695672506,0.55605701259527,0.532193682749045,0.554523207101083,0.732748887560603,0.53775751920178,0.467907446482353
"IA1-P1-S1-16s_S1",0.511918988615636,0.616078170108816,0.661195750840264,0.560051380860629,0.72945433492546,0.566544703584817,0.385686595532471,0.4322350448793,0.460718593660398,0.43859327441417,0.448122639413464,0.427381282976951,0,0.328355580600852,0.279982664644209,0.325859900475748,0.286449276661348,0.299550948687457,0.58339029391661,0.526557546742576,0.426481346013168,0.477447199915095,0.45087342160883,0.441033925686591,0.496410238317839,0.409240863266923,0.394179989222202,0.401901283634996,0.422870900912671,0.492095577718873,0.49771886959718,0.515032177504562,0.527730520585233,0.395158385623021,0.365653276094961,0.342052705067251,0.521588355963661,0.488838608849805,0.485606867030553,0.467795016455101,0.523369334528133,0.571345284943886,0.625966482201028,0.539891278279639,0.690850416734381,0.65816862408097,0.632865859211365,0.670806998706655,0.470370304082473,0.580576247886905,0.558843140523421,0.537659959451505,0.560376246699112,0.530755048092943,0.438107810781078,0.422213356384511,0.445330505190594,0.428064773856617,0.379953081680529,0.373674705194943,0.46270733012306,0.439926478862673,0.440001487182347,0.479775258432807,0.474133018960605,0.462522573899819,0.538509376195943,0.577226606538895,0.629740252813483,0.597910321162818,0.461931403551447,0.445160813581866,0.543098998657995,0.495601793115115,0.551952309985097,0.484639748388669,0.477392344497608,0.502424530053856,0.493698699330724,0.489886184358801,0.532019608226081,0.44005376344086,0.455856469653097,0.459658657335889,0.443922623357815,0.421584470707346,0.482902955760191,0.45626515763945,0.454481994004845,0.505176555624057,0.342177422469393,0.352195981375058,0.353286665528428,0.332064598747866,0.377019118220835,0.421954285182254,0.494173140954495,0.631662478508134,0.543767044954693,0.503473945409429,0.428198757763975,0.488400854476633,0.669998563247881,0.586142247397184,0.643904721222107,0.674239226370927,0.590991496121858,0.649179390871234,0.63960726968874,0.618634715434337,0.535376729882112,0.642451612903226,0.595846285534081,0.592723740919852,0.620860127123369,0.590853378274858,0.664561699840688,0.624853271790383,0.560520822276475,0.664847358003958,0.558000975340839,0.5356451404724,0.541260003324547,0.570735475150257,0.549329049329049,0.578812493956097,0.609275013174735,0.692226706439726,0.687629727471224,0.623082054703135,0.605954319595808,0.545559710527024,0.516988408895596,0.494056495249457,0.56329077469521,0.532616637094249,0.554087074772114,0.559405838604009,0.382892542292113,0.43445231306907,0.406129210381005,0.478939724037763,0.381098803393472,0.368177366218502,0.484745146182876,0.453025528904894,0.453326499231164,0.644944016794961,0.436541639274355,0.374209906081491
